lambda_nm Rup_1nm Rup_8nm Rup_16nm Rup_24nm Rup_31nm Rup_39nm Rup_47nm Rup_54nm Rup_62nm Rup_70nm Rdown_1nm Rdown_8nm Rdown_16nm Rdown_24nm Rdown_31nm Rdown_39nm Rdown_47nm Rdown_54nm Rdown_62nm Rdown_70nm
450.000000 0.179149 0.161568 0.202344 0.235564 0.254586 0.261374 0.260023 0.254490 0.247684 0.241325 0.016938 0.015983 0.055154 0.105175 0.152200 0.188827 0.213230 0.226971 0.232967 0.234143
452.763819 0.170797 0.159746 0.200524 0.233999 0.253547 0.260951 0.260146 0.254994 0.248386 0.242074 0.017941 0.015348 0.054451 0.104420 0.151741 0.188999 0.214208 0.228751 0.235424 0.237094
455.527638 0.162634 0.157749 0.198576 0.232363 0.252493 0.260570 0.260364 0.255640 0.249269 0.243030 0.019080 0.014695 0.053760 0.103728 0.151393 0.189324 0.215380 0.230772 0.238166 0.240374
458.291457 0.154853 0.155620 0.196546 0.230707 0.251485 0.260298 0.260747 0.256502 0.250409 0.244277 0.020307 0.014039 0.053094 0.103112 0.151166 0.189813 0.216759 0.233042 0.241205 0.243996
461.055276 0.147560 0.153393 0.194474 0.229082 0.250579 0.260195 0.261362 0.257652 0.251885 0.245894 0.021585 0.013393 0.052464 0.102581 0.151070 0.190471 0.218347 0.235566 0.244543 0.247964
463.819095 0.140815 0.151105 0.192402 0.227534 0.249830 0.260323 0.262276 0.259161 0.253770 0.247962 0.022887 0.012775 0.051899 0.102173 0.151150 0.191352 0.220200 0.238399 0.248238 0.252337
466.582915 0.134630 0.148790 0.190367 0.226110 0.249290 0.260737 0.263548 0.261092 0.256133 0.250553 0.024189 0.012200 0.051414 0.101903 0.151418 0.192462 0.222323 0.241544 0.252290 0.257114
469.346734 0.128987 0.146475 0.188402 0.224850 0.249005 0.261492 0.265236 0.263508 0.259041 0.253738 0.025474 0.011679 0.051032 0.101798 0.151906 0.193835 0.224745 0.245027 0.256723 0.262317
472.110553 0.123856 0.144183 0.186540 0.223794 0.249020 0.262633 0.267392 0.266464 0.262553 0.257580 0.026735 0.011226 0.050779 0.101896 0.152654 0.195514 0.227512 0.248893 0.261580 0.267988
474.874372 0.119198 0.141938 0.184810 0.222976 0.249376 0.264208 0.270062 0.270010 0.266722 0.262138 0.027960 0.010849 0.050672 0.102213 0.153681 0.197512 0.230631 0.253143 0.266856 0.274119
477.638191 0.114967 0.139755 0.183235 0.222427 0.250107 0.266253 0.273290 0.274191 0.271596 0.267462 0.029151 0.010558 0.050743 0.102800 0.155048 0.199901 0.234177 0.257851 0.272624 0.280778
480.402010 0.111121 0.137649 0.181838 0.222177 0.251248 0.268803 0.277109 0.279043 0.277213 0.273594 0.030302 0.010358 0.051005 0.103673 0.156771 0.202692 0.238155 0.263016 0.278876 0.287952
483.165829 0.107617 0.135626 0.180637 0.222249 0.252824 0.271889 0.281551 0.284598 0.283606 0.280566 0.031414 0.010250 0.051481 0.104868 0.158896 0.205934 0.242614 0.268686 0.285655 0.295679
485.929648 0.104417 0.133694 0.179647 0.222663 0.254860 0.275533 0.286639 0.290877 0.290796 0.288403 0.032488 0.010237 0.052187 0.106411 0.161453 0.209659 0.247586 0.274885 0.292979 0.303970
488.693467 0.101481 0.131848 0.178877 0.223435 0.257372 0.279753 0.292388 0.297895 0.298797 0.297115 0.033519 0.010315 0.053129 0.108310 0.164448 0.213868 0.253061 0.281595 0.300822 0.312792
491.457286 0.098780 0.130090 0.178336 0.224579 0.260377 0.284563 0.298810 0.305659 0.307612 0.306705 0.034515 0.010481 0.054331 0.110615 0.167951 0.218644 0.259131 0.288912 0.309276 0.322231
494.221106 0.096286 0.128410 0.178028 0.226104 0.263884 0.289971 0.305907 0.314168 0.317235 0.317162 0.035473 0.010730 0.055791 0.113324 0.171955 0.223973 0.265774 0.296803 0.318299 0.332237
496.984925 0.093977 0.126803 0.177956 0.228017 0.267900 0.295979 0.313677 0.323411 0.327650 0.328466 0.036396 0.011055 0.057523 0.116470 0.176507 0.229911 0.273047 0.305325 0.327944 0.342856
499.748744 0.091829 0.125252 0.178117 0.230321 0.272427 0.302584 0.322108 0.333371 0.338830 0.340583 0.037278 0.011445 0.059512 0.120029 0.181573 0.236409 0.280889 0.314401 0.338123 0.353988
502.512563 0.089828 0.123748 0.178509 0.233017 0.277463 0.309777 0.331185 0.344020 0.350741 0.353469 0.038126 0.011895 0.061771 0.124041 0.187208 0.243534 0.289374 0.324109 0.348911 0.365707
505.276382 0.087960 0.122274 0.179124 0.236103 0.283002 0.317545 0.340883 0.355325 0.363338 0.367071 0.038935 0.012396 0.064288 0.128493 0.193395 0.251263 0.298468 0.334407 0.360257 0.377950
508.040201 0.086210 0.120817 0.179954 0.239573 0.289036 0.325870 0.351173 0.367245 0.376569 0.381326 0.039703 0.012939 0.067048 0.133370 0.200116 0.259567 0.308134 0.345246 0.372102 0.390651
510.804020 0.084573 0.119369 0.180992 0.243424 0.295554 0.334732 0.362023 0.379734 0.390374 0.396164 0.040433 0.013524 0.070048 0.138678 0.207379 0.268457 0.318380 0.356631 0.384448 0.403805
513.567839 0.083037 0.117922 0.182227 0.247646 0.302543 0.344104 0.373392 0.392739 0.404690 0.411509 0.041118 0.014148 0.073265 0.144390 0.215146 0.277879 0.329139 0.368483 0.397205 0.417315
516.331658 0.081595 0.116478 0.183649 0.252233 0.309986 0.353960 0.385241 0.406206 0.419450 0.427282 0.041763 0.014818 0.076693 0.150505 0.223418 0.287832 0.340406 0.380795 0.410362 0.431163
519.095477 0.080243 0.115052 0.185258 0.257184 0.317872 0.364272 0.397528 0.420080 0.434584 0.443403 0.042367 0.015546 0.080319 0.157009 0.232172 0.298285 0.352141 0.393516 0.423862 0.445291
521.859296 0.078975 0.113666 0.187053 0.262495 0.326188 0.375012 0.410208 0.434305 0.450025 0.459794 0.042928 0.016349 0.084128 0.163874 0.241368 0.309180 0.364274 0.406568 0.437617 0.459602
524.623116 0.077784 0.112353 0.189043 0.268172 0.334922 0.386151 0.423240 0.448822 0.465705 0.476377 0.043443 0.017245 0.088105 0.171072 0.250957 0.320450 0.376721 0.419854 0.451525 0.473989
527.386935 0.076667 0.111154 0.191243 0.274223 0.344065 0.397662 0.436580 0.463578 0.481557 0.493077 0.043922 0.018264 0.092272 0.178630 0.260970 0.332129 0.389518 0.433414 0.465626 0.488495
530.150754 0.075619 0.110116 0.193676 0.280660 0.353606 0.409516 0.450182 0.478515 0.497515 0.509820 0.044358 0.019425 0.096613 0.186502 0.271325 0.344104 0.402529 0.447095 0.479757 0.502949
532.914573 0.074634 0.109283 0.196372 0.287499 0.363535 0.421679 0.463999 0.493572 0.513512 0.526531 0.044754 0.020749 0.101144 0.194693 0.282013 0.356353 0.415724 0.460862 0.493882 0.517316
535.678392 0.073709 0.108693 0.199362 0.294752 0.373832 0.434112 0.477976 0.508686 0.529473 0.543132 0.045113 0.022248 0.105882 0.203201 0.293009 0.368834 0.429052 0.474660 0.507944 0.531537
538.442211 0.072838 0.108376 0.202681 0.302428 0.384472 0.446767 0.492052 0.523784 0.545322 0.559541 0.045437 0.023930 0.110849 0.212033 0.304296 0.381516 0.442474 0.488446 0.521899 0.545574
541.206030 0.072019 0.108350 0.206365 0.310528 0.395420 0.459588 0.506157 0.538791 0.560978 0.575675 0.045724 0.025786 0.116056 0.221164 0.315813 0.394317 0.455894 0.502118 0.535643 0.559318
543.969849 0.071247 0.108616 0.210446 0.319034 0.406628 0.472511 0.520218 0.553627 0.576357 0.591448 0.045983 0.027808 0.121544 0.230626 0.327585 0.407260 0.469340 0.515709 0.549218 0.572819
546.733668 0.070518 0.109163 0.214957 0.327925 0.418042 0.485467 0.534157 0.568210 0.591377 0.606778 0.046208 0.029966 0.127311 0.240356 0.339505 0.420210 0.482660 0.529061 0.562460 0.585915
549.497487 0.069830 0.109960 0.219915 0.337157 0.429599 0.498384 0.547898 0.582463 0.605962 0.621591 0.046408 0.032239 0.133406 0.250392 0.351612 0.433220 0.495920 0.542253 0.575460 0.598706
552.261307 0.069177 0.110970 0.225333 0.346685 0.441237 0.511193 0.561371 0.596316 0.620043 0.635821 0.046579 0.034582 0.139818 0.260659 0.363799 0.446159 0.508980 0.555139 0.588073 0.611048
555.025126 0.068557 0.112139 0.231207 0.356456 0.452894 0.523830 0.574510 0.609707 0.633563 0.649414 0.046722 0.036954 0.146549 0.271121 0.376017 0.458978 0.521792 0.567676 0.600263 0.622911
557.788945 0.067969 0.113403 0.237512 0.366411 0.464509 0.536232 0.587259 0.622585 0.646476 0.662331 0.046846 0.039324 0.153620 0.281798 0.388300 0.471726 0.534422 0.579948 0.612125 0.634403
560.552764 0.067408 0.114695 0.244214 0.376499 0.476029 0.548351 0.599572 0.634910 0.658748 0.674542 0.046945 0.041647 0.160988 0.292604 0.400542 0.484284 0.546747 0.591829 0.623537 0.645403
563.316583 0.066873 0.115952 0.251269 0.386669 0.487407 0.560142 0.611410 0.646649 0.670354 0.686028 0.047024 0.043905 0.168635 0.303521 0.412727 0.496647 0.558771 0.603336 0.634524 0.655943
566.080402 0.066362 0.117131 0.258629 0.396877 0.498601 0.571567 0.622742 0.657780 0.681278 0.696780 0.047081 0.046091 0.176511 0.314483 0.424783 0.508737 0.570418 0.614393 0.645015 0.665958
568.844221 0.065872 0.118219 0.266246 0.407082 0.509573 0.582594 0.633545 0.668287 0.691512 0.706795 0.047121 0.048240 0.184599 0.325486 0.436716 0.520576 0.581722 0.625049 0.655068 0.675512
571.608040 0.065402 0.119251 0.274075 0.417248 0.520290 0.593197 0.643800 0.678160 0.701051 0.716076 0.047143 0.050412 0.192865 0.336500 0.448501 0.532142 0.592669 0.635297 0.664682 0.684610
574.371859 0.064948 0.120311 0.282078 0.427343 0.530724 0.603353 0.653493 0.687392 0.709898 0.724628 0.047149 0.052691 0.201280 0.347499 0.460111 0.543415 0.603248 0.645130 0.673856 0.693256
577.135678 0.064513 0.121513 0.290222 0.437342 0.540851 0.613045 0.662614 0.695981 0.718055 0.732460 0.047137 0.055153 0.209795 0.358425 0.471483 0.554331 0.613395 0.654490 0.682536 0.701396
579.899497 0.064092 0.122963 0.298479 0.447217 0.550647 0.622254 0.671153 0.703924 0.725526 0.739582 0.047113 0.057868 0.218412 0.369297 0.482654 0.564944 0.623178 0.663456 0.690808 0.709124
582.663317 0.063684 0.124742 0.306827 0.456947 0.560090 0.630968 0.679103 0.711221 0.732317 0.746002 0.047075 0.060860 0.227108 0.380092 0.493600 0.575235 0.632586 0.672020 0.698668 0.716439
585.427136 0.063288 0.126886 0.315245 0.466509 0.569162 0.639171 0.686457 0.717872 0.738432 0.751729 0.047022 0.064112 0.235843 0.390754 0.504261 0.585142 0.641557 0.680123 0.706059 0.723285
588.190955 0.062904 0.129394 0.323718 0.475884 0.577841 0.646850 0.693209 0.723876 0.743874 0.756769 0.046957 0.067598 0.244625 0.401308 0.514676 0.594720 0.650158 0.687841 0.713063 0.729747
590.954774 0.062531 0.132234 0.332230 0.485049 0.586109 0.653990 0.699349 0.729229 0.748645 0.761126 0.046880 0.071272 0.253441 0.411738 0.524834 0.603965 0.658391 0.695180 0.719690 0.735838
593.718593 0.062168 0.135365 0.340769 0.493986 0.593946 0.660577 0.704870 0.733927 0.752743 0.764802 0.046792 0.075092 0.262284 0.422037 0.534733 0.612881 0.666268 0.702157 0.725959 0.741577
596.482412 0.061815 0.138745 0.349324 0.502673 0.601330 0.666594 0.709758 0.737962 0.756163 0.767793 0.046689 0.079012 0.271120 0.432153 0.544316 0.621413 0.673732 0.708716 0.731813 0.746911
599.246231 0.061470 0.142333 0.357883 0.511089 0.608238 0.672021 0.714000 0.741323 0.758898 0.770095 0.046574 0.083010 0.279968 0.442120 0.553634 0.629625 0.680859 0.714940 0.737342 0.751931
602.010050 0.061136 0.146095 0.366435 0.519209 0.614645 0.676837 0.717576 0.743995 0.760933 0.771694 0.046449 0.087067 0.288825 0.451934 0.562690 0.637528 0.687668 0.720851 0.742570 0.756660
604.773869 0.060809 0.150008 0.374969 0.527008 0.620522 0.681014 0.720464 0.745957 0.762251 0.772573 0.046310 0.091161 0.297662 0.461550 0.571434 0.645073 0.694108 0.726400 0.747446 0.761050
607.537688 0.060490 0.154050 0.383473 0.534457 0.625835 0.684523 0.722635 0.747183 0.762827 0.772710 0.046164 0.095292 0.306502 0.471004 0.579918 0.652327 0.700258 0.731671 0.752061 0.765193
610.301508 0.060177 0.158208 0.391934 0.541525 0.630549 0.687325 0.724055 0.747640 0.762629 0.772073 0.046007 0.099444 0.315310 0.480239 0.588082 0.659229 0.706057 0.736604 0.756353 0.769026
613.065327 0.059868 0.162472 0.400339 0.548175 0.634619 0.689379 0.724682 0.747288 0.761617 0.770622 0.045840 0.103612 0.324069 0.489231 0.595907 0.665767 0.711496 0.741193 0.760316 0.772545
615.829146 0.059563 0.166834 0.408671 0.554365 0.637995 0.690632 0.724465 0.746077 0.759743 0.768310 0.045672 0.107815 0.332834 0.498057 0.603490 0.672057 0.716708 0.745578 0.764097 0.775899
618.592965 0.059261 0.171291 0.416912 0.560048 0.640619 0.691024 0.723344 0.743947 0.756947 0.765078 0.045497 0.112032 0.341536 0.506612 0.610719 0.677985 0.721573 0.749638 0.767574 0.778965
621.356784 0.058960 0.175839 0.425043 0.565168 0.642422 0.690484 0.721248 0.740828 0.753159 0.760855 0.045319 0.116277 0.350196 0.514921 0.617631 0.683600 0.726154 0.753442 0.770819 0.781817
624.120603 0.058658 0.180478 0.433038 0.569663 0.643324 0.688929 0.718092 0.736635 0.748294 0.755556 0.045139 0.120545 0.358792 0.522944 0.624191 0.688877 0.730428 0.756972 0.773814 0.784439
626.884422 0.058354 0.185207 0.440870 0.573456 0.643234 0.686258 0.713775 0.731266 0.742250 0.749080 0.044961 0.124844 0.367320 0.530670 0.630398 0.693827 0.734419 0.760256 0.776593 0.786865
629.648241 0.058047 0.190026 0.448504 0.576462 0.642041 0.682358 0.708181 0.724605 0.734911 0.741309 0.044782 0.129173 0.375759 0.538055 0.636214 0.698424 0.738106 0.763279 0.779143 0.789084
632.412060 0.057738 0.194937 0.455902 0.578578 0.639621 0.677094 0.701173 0.716512 0.726137 0.732104 0.044604 0.133540 0.384101 0.545077 0.641628 0.702672 0.741509 0.766069 0.781495 0.791131
635.175879 0.057430 0.199941 0.463015 0.579687 0.635827 0.670311 0.692593 0.706830 0.715768 0.721305 0.044421 0.137950 0.392326 0.551689 0.646603 0.706553 0.744621 0.768626 0.783656 0.793014
637.939698 0.057124 0.205041 0.469790 0.579654 0.630492 0.661831 0.682258 0.695374 0.703621 0.708727 0.044228 0.142389 0.400361 0.557774 0.651024 0.709964 0.747350 0.770867 0.785547 0.794658
640.703518 0.056823 0.210239 0.476161 0.578321 0.623425 0.651452 0.669962 0.681935 0.689485 0.694161 0.044028 0.146878 0.408215 0.563317 0.654897 0.712941 0.749754 0.772864 0.787248 0.796147
643.467337 0.056527 0.215539 0.482050 0.575510 0.614409 0.638943 0.655471 0.666278 0.673124 0.677368 0.043816 0.151404 0.415803 0.568177 0.658087 0.715369 0.751738 0.774534 0.788684 0.797410
646.231156 0.056236 0.220940 0.487366 0.571013 0.603200 0.624051 0.638525 0.648141 0.654275 0.658086 0.043597 0.155999 0.423145 0.572342 0.660610 0.717306 0.753390 0.775984 0.789975 0.798576
648.994975 0.055950 0.226450 0.492001 0.564599 0.589532 0.606496 0.618842 0.627240 0.632652 0.636028 0.043367 0.160634 0.430093 0.575581 0.662238 0.718546 0.754528 0.777052 0.790968 0.799498
651.758794 0.055668 0.232070 0.495827 0.556011 0.573114 0.585983 0.596124 0.603275 0.607957 0.610894 0.043122 0.165316 0.436573 0.577747 0.662846 0.719010 0.755106 0.777713 0.791655 0.800177
654.522613 0.055393 0.237801 0.498696 0.544964 0.553650 0.562215 0.570074 0.575950 0.579892 0.582388 0.042870 0.170076 0.442560 0.578757 0.662388 0.718705 0.755181 0.778056 0.792144 0.800732
657.286432 0.055121 0.243650 0.500432 0.531162 0.530847 0.534917 0.540425 0.545001 0.548194 0.550247 0.042603 0.174886 0.447858 0.578308 0.660579 0.717391 0.754546 0.777903 0.792274 0.801015
660.050251 0.054856 0.249617 0.500833 0.514303 0.504453 0.503873 0.506979 0.510239 0.512677 0.514288 0.042329 0.179765 0.452367 0.576221 0.657283 0.714992 0.753182 0.777269 0.792086 0.801081
662.814070 0.054592 0.255705 0.499668 0.494103 0.474294 0.468982 0.469673 0.471616 0.473305 0.474476 0.042047 0.184716 0.455918 0.572245 0.652297 0.711368 0.750994 0.776096 0.791544 0.800908
665.577889 0.054329 0.261918 0.496678 0.470330 0.440338 0.430340 0.428665 0.429324 0.430283 0.431028 0.041759 0.189733 0.458300 0.566100 0.645404 0.706357 0.747868 0.774302 0.790588 0.800450
668.341709 0.054065 0.268256 0.491575 0.442847 0.402769 0.388331 0.384447 0.383908 0.384185 0.384533 0.041465 0.194820 0.459292 0.557543 0.636446 0.699858 0.743739 0.771849 0.789197 0.799699
671.105528 0.053807 0.274720 0.484053 0.411678 0.362088 0.343747 0.337966 0.336401 0.336092 0.336096 0.041168 0.199982 0.458656 0.546381 0.625348 0.691841 0.738598 0.768741 0.787384 0.798674
673.869347 0.053553 0.281310 0.473796 0.377068 0.319192 0.297881 0.290740 0.288445 0.287715 0.287469 0.040859 0.205202 0.456078 0.532439 0.612073 0.682289 0.732413 0.764930 0.785094 0.797314
676.633166 0.053309 0.288026 0.460499 0.339560 0.275443 0.252589 0.244909 0.242342 0.241451 0.241105 0.040536 0.210509 0.451334 0.515787 0.596883 0.671467 0.725405 0.760598 0.782480 0.795754
679.396985 0.053079 0.294863 0.443897 0.300052 0.232671 0.210239 0.203162 0.200975 0.200296 0.200065 0.040193 0.215864 0.444069 0.496524 0.580068 0.659611 0.717703 0.755784 0.779518 0.793933
682.160804 0.052862 0.301815 0.423802 0.259812 0.193072 0.173528 0.168494 0.167523 0.167541 0.167709 0.039832 0.221303 0.434109 0.475136 0.562334 0.647341 0.709785 0.750845 0.776483 0.792071
684.924623 0.052659 0.308877 0.400151 0.220439 0.158987 0.145129 0.143777 0.144982 0.146263 0.147165 0.039446 0.226785 0.421201 0.452199 0.544397 0.635211 0.702001 0.745967 0.773448 0.790169
687.688442 0.052468 0.316032 0.373067 0.183739 0.132589 0.127248 0.131221 0.135574 0.138697 0.140674 0.039046 0.232319 0.405303 0.428618 0.527222 0.623980 0.694893 0.741527 0.770674 0.788411
690.452261 0.052279 0.323266 0.342894 0.151528 0.115525 0.121198 0.131906 0.140240 0.145701 0.149050 0.038632 0.237869 0.386448 0.405371 0.511679 0.614251 0.688840 0.737738 0.768264 0.786834
693.216080 0.052080 0.330556 0.310251 0.125403 0.108649 0.127149 0.145550 0.158422 0.166550 0.171471 0.038228 0.243463 0.364971 0.383587 0.498636 0.606638 0.684283 0.734931 0.766480 0.785652
695.979899 0.051857 0.337873 0.276020 0.106519 0.111900 0.144137 0.170614 0.188221 0.199133 0.205692 0.037846 0.249031 0.341283 0.364158 0.488539 0.601311 0.681253 0.733065 0.765239 0.784760
698.743719 0.051593 0.345178 0.241322 0.095452 0.124387 0.170330 0.204685 0.226871 0.240465 0.248600 0.037504 0.254563 0.316099 0.347863 0.481658 0.598345 0.679779 0.732168 0.764577 0.784204
701.507538 0.051288 0.352423 0.207431 0.092165 0.144616 0.203421 0.244979 0.271303 0.287307 0.296855 0.037213 0.260013 0.290275 0.335155 0.477930 0.597556 0.679695 0.732117 0.764412 0.783927
704.271357 0.050946 0.359546 0.175643 0.096083 0.170782 0.241028 0.288808 0.318649 0.336684 0.347416 0.036963 0.265344 0.264775 0.326200 0.477088 0.598652 0.680780 0.732774 0.764666 0.783891
707.035176 0.050584 0.366469 0.147147 0.106247 0.201052 0.281004 0.333879 0.366543 0.386188 0.397854 0.036739 0.270487 0.240541 0.320867 0.478694 0.601234 0.682745 0.733940 0.765206 0.784009
709.798995 0.050218 0.373099 0.122894 0.121490 0.233762 0.321594 0.378434 0.413236 0.434080 0.446433 0.036519 0.275377 0.218426 0.318842 0.482282 0.604940 0.685350 0.735471 0.765953 0.784241
712.562814 0.049862 0.379317 0.103509 0.140597 0.267528 0.361492 0.421252 0.457568 0.479241 0.492061 0.036287 0.279915 0.199082 0.319668 0.487356 0.609403 0.688343 0.737201 0.766797 0.784512
715.326633 0.049524 0.384980 0.089268 0.162429 0.301280 0.399804 0.461572 0.498869 0.521054 0.534156 0.036033 0.283998 0.182942 0.322851 0.493499 0.614348 0.691561 0.739037 0.767690 0.784802
718.090452 0.049209 0.389919 0.080114 0.185989 0.334249 0.435979 0.498995 0.536834 0.559276 0.572507 0.035751 0.287493 0.170188 0.327892 0.500336 0.619533 0.694851 0.740883 0.768569 0.785070
720.854271 0.048919 0.393931 0.075727 0.210457 0.365916 0.469729 0.533380 0.571411 0.593908 0.607152 0.035439 0.290244 0.160793 0.334336 0.507574 0.624784 0.698111 0.742681 0.769400 0.785295
723.618090 0.048652 0.396783 0.075602 0.235193 0.395969 0.500955 0.564758 0.602712 0.625109 0.638275 0.035093 0.292061 0.154555 0.341772 0.514960 0.629946 0.701236 0.744352 0.770124 0.785427
726.381910 0.048409 0.398215 0.079133 0.259716 0.424241 0.529680 0.593264 0.630939 0.653121 0.666143 0.034718 0.292773 0.151178 0.349899 0.522368 0.634982 0.704239 0.745935 0.770790 0.785525
729.145729 0.048185 0.397939 0.085684 0.283684 0.450679 0.556009 0.619096 0.656342 0.678227 0.691057 0.034315 0.292162 0.150294 0.358449 0.529669 0.639831 0.707085 0.747407 0.771384 0.785575
731.909548 0.047980 0.395649 0.094645 0.306866 0.475299 0.580091 0.642475 0.679187 0.700715 0.713321 0.033888 0.289975 0.151502 0.367187 0.536742 0.644410 0.709709 0.748710 0.771848 0.785522
734.673367 0.047782 0.391046 0.105456 0.329116 0.498167 0.602097 0.663631 0.699734 0.720867 0.733227 0.033445 0.286012 0.154439 0.375980 0.543566 0.648745 0.712152 0.749891 0.772232 0.785417
737.437186 0.047579 0.383850 0.117629 0.350352 0.519375 0.622204 0.682785 0.718231 0.738944 0.751044 0.033001 0.280066 0.158757 0.384705 0.550102 0.652821 0.714406 0.750944 0.772531 0.785254
740.201005 0.047354 0.373838 0.130753 0.370540 0.539029 0.640584 0.700144 0.734904 0.755184 0.767017 0.032575 0.271977 0.164153 0.393278 0.556331 0.656639 0.716479 0.751875 0.772749 0.785037
742.964824 0.047092 0.360878 0.144494 0.389678 0.557243 0.657401 0.715899 0.749958 0.769799 0.781364 0.032186 0.261649 0.170358 0.401629 0.562237 0.660194 0.718362 0.752676 0.772877 0.784754
745.728643 0.046775 0.344956 0.158580 0.407788 0.574131 0.672810 0.730224 0.763577 0.782979 0.794277 0.031850 0.249095 0.177160 0.409725 0.567827 0.663502 0.720074 0.753362 0.772926 0.784417
748.492462 0.046405 0.326231 0.172801 0.424905 0.589801 0.686950 0.743273 0.775924 0.794892 0.805926 0.031574 0.234437 0.184368 0.417526 0.573093 0.666560 0.721609 0.753923 0.772886 0.784012
751.256281 0.045990 0.305028 0.186996 0.441077 0.604356 0.699948 0.755185 0.787143 0.805684 0.816460 0.031349 0.217947 0.191844 0.425032 0.578063 0.669398 0.722995 0.754388 0.772784 0.783565
754.020101 0.045545 0.281843 0.201043 0.456353 0.617895 0.711920 0.766083 0.797361 0.815484 0.826008 0.031158 0.200001 0.199459 0.432209 0.582711 0.671989 0.724199 0.754716 0.772574 0.783031
756.783920 0.045088 0.257323 0.214854 0.470788 0.630507 0.722967 0.776074 0.806687 0.824405 0.834684 0.030982 0.181119 0.207139 0.439095 0.587104 0.674402 0.725293 0.754980 0.772330 0.782479
759.547739 0.044634 0.232209 0.228365 0.484433 0.642271 0.733182 0.785254 0.815221 0.832545 0.842587 0.030806 0.161864 0.214812 0.445691 0.591250 0.676648 0.726281 0.755181 0.772049 0.781908
762.311558 0.044190 0.207266 0.241535 0.497343 0.653265 0.742646 0.793709 0.823047 0.839989 0.849802 0.030617 0.142806 0.222407 0.451969 0.595118 0.678684 0.727114 0.755264 0.771676 0.781260
765.075377 0.043760 0.183220 0.254336 0.509566 0.663555 0.751432 0.801511 0.830241 0.846814 0.856405 0.030412 0.124504 0.229897 0.457969 0.598761 0.680565 0.727848 0.755285 0.771264 0.780586
767.839196 0.043349 0.160712 0.266753 0.521150 0.673200 0.759604 0.808728 0.836868 0.853084 0.862461 0.030191 0.107434 0.237255 0.463705 0.602199 0.682312 0.728500 0.755260 0.770826 0.779902
770.603015 0.042951 0.140217 0.278782 0.532142 0.682259 0.767221 0.815417 0.842986 0.858858 0.868029 0.029949 0.091936 0.244431 0.469135 0.605375 0.683854 0.728991 0.755102 0.770276 0.779116
773.366834 0.042568 0.122067 0.290419 0.542582 0.690779 0.774334 0.821629 0.848647 0.864186 0.873159 0.029692 0.078266 0.251451 0.474347 0.608401 0.685312 0.729446 0.754941 0.769742 0.778357
776.130653 0.042196 0.106432 0.301674 0.552509 0.698806 0.780988 0.827410 0.853895 0.869114 0.877896 0.029420 0.066529 0.258271 0.479292 0.611208 0.686606 0.729778 0.754682 0.769126 0.777527
778.894472 0.041835 0.093346 0.312553 0.561959 0.706380 0.787225 0.832801 0.858771 0.873681 0.882278 0.029137 0.056745 0.264909 0.484020 0.613860 0.687802 0.730052 0.754392 0.768496 0.776694
781.658291 0.041482 0.082732 0.323068 0.570966 0.713539 0.793080 0.837837 0.863309 0.877920 0.886340 0.028841 0.048842 0.271350 0.488522 0.616338 0.688875 0.730239 0.754039 0.767818 0.775821
784.422111 0.041136 0.074439 0.333234 0.579562 0.720314 0.798587 0.842549 0.867540 0.881864 0.890113 0.028535 0.042692 0.277580 0.492785 0.618624 0.689801 0.730313 0.753594 0.767061 0.774878
787.185930 0.040798 0.068265 0.343059 0.587770 0.726735 0.803774 0.846966 0.871493 0.885539 0.893622 0.028224 0.038141 0.283641 0.496889 0.620813 0.690684 0.730379 0.753164 0.766332 0.773971
789.949749 0.040464 0.063979 0.352562 0.595621 0.732830 0.808667 0.851114 0.875190 0.888969 0.896893 0.027904 0.035007 0.289501 0.500782 0.622836 0.691442 0.730349 0.752657 0.765539 0.773008
792.713568 0.040136 0.061351 0.361754 0.603136 0.738621 0.813289 0.855013 0.878655 0.892175 0.899945 0.027579 0.033108 0.295173 0.504492 0.624725 0.692108 0.730257 0.752106 0.764713 0.772018
795.477387 0.039811 0.060154 0.370650 0.610336 0.744132 0.817662 0.858685 0.881907 0.895176 0.902798 0.027249 0.032269 0.300664 0.508032 0.626491 0.692691 0.730108 0.751515 0.763859 0.771007
798.241206 0.039491 0.060174 0.379262 0.617243 0.749381 0.821805 0.862148 0.884963 0.897990 0.905470 0.026914 0.032330 0.305985 0.511417 0.628151 0.693206 0.729919 0.750902 0.762992 0.769988
801.005025 0.039173 0.061219 0.387605 0.623874 0.754389 0.825735 0.865419 0.887840 0.900633 0.907974 0.026576 0.033140 0.311126 0.514632 0.629680 0.693626 0.729658 0.750231 0.762076 0.768927
803.768844 0.038859 0.063121 0.395693 0.630248 0.759171 0.829467 0.868512 0.890551 0.903119 0.910326 0.026234 0.034569 0.316082 0.517670 0.631070 0.693937 0.729309 0.749486 0.761096 0.767806
806.532663 0.038545 0.065725 0.403536 0.636380 0.763743 0.833017 0.871441 0.893110 0.905459 0.912537 0.025889 0.036510 0.320906 0.520610 0.632410 0.694236 0.728972 0.748768 0.760151 0.766727
809.296482 0.038234 0.068908 0.411147 0.642284 0.768119 0.836398 0.874219 0.895529 0.907666 0.914619 0.025542 0.038857 0.325546 0.523371 0.633602 0.694413 0.728532 0.747959 0.759122 0.765568
812.060302 0.037926 0.072557 0.418535 0.647973 0.772310 0.839620 0.876855 0.897818 0.909750 0.916582 0.025196 0.041536 0.330070 0.526055 0.634765 0.694596 0.728120 0.747192 0.758144 0.764465
814.824121 0.037618 0.076581 0.425715 0.653461 0.776331 0.842696 0.879362 0.899988 0.911720 0.918435 0.024845 0.044472 0.334425 0.528576 0.635794 0.694668 0.727614 0.746341 0.757089 0.763288
817.587940 0.037312 0.080901 0.432694 0.658760 0.780192 0.845635 0.881747 0.902045 0.913585 0.920187 0.024492 0.047607 0.338642 0.530981 0.636740 0.694686 0.727070 0.745464 0.756014 0.762096
820.351759 0.037008 0.085453 0.439483 0.663879 0.783901 0.848445 0.884019 0.904000 0.915353 0.921844 0.024138 0.050895 0.342728 0.533280 0.637615 0.694657 0.726498 0.744568 0.754926 0.760895
823.115578 0.036708 0.090183 0.446090 0.668828 0.787468 0.851136 0.886186 0.905858 0.917030 0.923414 0.023783 0.054293 0.346679 0.535462 0.638404 0.694567 0.725880 0.743637 0.753810 0.759669
825.879397 0.036408 0.095047 0.452526 0.673619 0.790903 0.853715 0.888255 0.907627 0.918622 0.924904 0.023424 0.057767 0.350484 0.537508 0.639083 0.694386 0.725184 0.742636 0.752628 0.758381
828.643216 0.036113 0.100004 0.458794 0.678256 0.794211 0.856189 0.890232 0.909312 0.920136 0.926318 0.023067 0.061297 0.354205 0.539509 0.639755 0.694226 0.724527 0.741684 0.751503 0.757153
831.407035 0.035818 0.105029 0.464908 0.682751 0.797403 0.858565 0.892124 0.910920 0.921578 0.927662 0.022704 0.064851 0.357775 0.541364 0.640299 0.693955 0.723769 0.740639 0.750288 0.755839
834.170854 0.035527 0.110093 0.470871 0.687110 0.800482 0.860848 0.893935 0.912455 0.922952 0.928941 0.022341 0.068417 0.361244 0.543141 0.640797 0.693659 0.723001 0.739592 0.749077 0.754530
836.934673 0.035241 0.115179 0.476690 0.691339 0.803456 0.863043 0.895672 0.913923 0.924262 0.930159 0.021978 0.071980 0.364609 0.544839 0.641243 0.693331 0.722214 0.738535 0.747860 0.753220
839.698492 0.034956 0.120268 0.482374 0.695446 0.806331 0.865157 0.897337 0.915327 0.925513 0.931320 0.021612 0.075528 0.367868 0.546448 0.641625 0.692957 0.721392 0.737449 0.746619 0.751887
842.462312 0.034675 0.125350 0.487927 0.699437 0.809112 0.867194 0.898937 0.916671 0.926708 0.932429 0.021245 0.079047 0.371010 0.547952 0.641923 0.692516 0.720513 0.736314 0.745333 0.750512
845.226131 0.034398 0.130412 0.493355 0.703317 0.811804 0.869158 0.900474 0.917959 0.927851 0.933487 0.020876 0.082537 0.374067 0.549395 0.642185 0.692057 0.719629 0.735180 0.744052 0.749145
847.989950 0.034124 0.135448 0.498665 0.707091 0.814411 0.871053 0.901951 0.919194 0.928945 0.934499 0.020505 0.085986 0.377015 0.550741 0.642371 0.691536 0.718692 0.733999 0.742728 0.747737
850.753769 0.033856 0.140449 0.503859 0.710763 0.816937 0.872881 0.903373 0.920379 0.929993 0.935466 0.020133 0.089395 0.379881 0.552027 0.642520 0.690996 0.717747 0.732816 0.741406 0.746333
853.517588 0.033593 0.145413 0.508943 0.714339 0.819386 0.874648 0.904742 0.921518 0.930997 0.936392 0.019759 0.092756 0.382653 0.553234 0.642609 0.690411 0.716766 0.731604 0.740058 0.744906
856.281407 0.033334 0.150333 0.513922 0.717823 0.821762 0.876356 0.906061 0.922612 0.931960 0.937279 0.019383 0.096068 0.385336 0.554368 0.642646 0.689787 0.715755 0.730367 0.738689 0.743459
859.045226 0.033080 0.155209 0.518800 0.721219 0.824069 0.878008 0.907333 0.923664 0.932884 0.938129 0.019005 0.099327 0.387926 0.555421 0.642620 0.689113 0.714703 0.729094 0.737287 0.741981
861.809045 0.032834 0.160036 0.523578 0.724529 0.826308 0.879607 0.908560 0.924676 0.933772 0.938944 0.018625 0.102540 0.390454 0.556436 0.642579 0.688440 0.713662 0.727838 0.735905 0.740526
864.572864 0.032592 0.164816 0.528266 0.727760 0.828486 0.881155 0.909745 0.925650 0.934625 0.939727 0.018241 0.105691 0.392873 0.557345 0.642444 0.687683 0.712542 0.726507 0.734452 0.739000
867.336683 0.032358 0.169545 0.532862 0.730911 0.830601 0.882654 0.910889 0.926589 0.935445 0.940478 0.017855 0.108794 0.395230 0.558215 0.642290 0.686921 0.711427 0.725187 0.733011 0.737489
870.100503 0.032132 0.174223 0.537370 0.733988 0.832659 0.884108 0.911994 0.927494 0.936234 0.941200 0.017467 0.111846 0.397518 0.559031 0.642102 0.686137 0.710298 0.723856 0.731563 0.735973
872.864322 0.031912 0.178854 0.541798 0.736996 0.834663 0.885519 0.913064 0.928367 0.936994 0.941894 0.017073 0.114835 0.399704 0.559749 0.641827 0.685276 0.709096 0.722458 0.730050 0.734393
875.628141 0.031701 0.183434 0.546143 0.739934 0.836614 0.886888 0.914099 0.929211 0.937727 0.942563 0.016676 0.117780 0.401843 0.560444 0.641548 0.684424 0.707913 0.721083 0.728563 0.732840
878.391960 0.031499 0.187966 0.550412 0.742807 0.838515 0.888218 0.915102 0.930026 0.938433 0.943207 0.016274 0.120669 0.403900 0.561065 0.641210 0.683522 0.706687 0.719668 0.727038 0.731251
881.155779 0.031305 0.192449 0.554607 0.745617 0.840367 0.889510 0.916073 0.930813 0.939115 0.943827 0.015868 0.123509 0.405897 0.561642 0.640843 0.682603 0.705449 0.718246 0.725509 0.729660
883.919598 0.031121 0.196886 0.558729 0.748366 0.842173 0.890766 0.917015 0.931575 0.939773 0.944426 0.015456 0.126299 0.407829 0.562167 0.640439 0.681658 0.704192 0.716808 0.723967 0.728056
886.683417 0.030946 0.201277 0.562782 0.751056 0.843935 0.891987 0.917928 0.932312 0.940409 0.945003 0.015037 0.129037 0.409689 0.562632 0.639989 0.680675 0.702903 0.715342 0.722398 0.726427
889.447236 0.030778 0.205624 0.566769 0.753691 0.845654 0.893175 0.918814 0.933025 0.941023 0.945560 0.014611 0.131720 0.411471 0.563024 0.639477 0.679639 0.701566 0.713831 0.720786 0.724757
892.211055 0.030618 0.209927 0.570690 0.756271 0.847332 0.894332 0.919674 0.933716 0.941617 0.946097 0.014178 0.134358 0.413198 0.563376 0.638939 0.678586 0.700218 0.712314 0.719170 0.723083
894.974874 0.030464 0.214187 0.574548 0.758798 0.848970 0.895458 0.920509 0.934386 0.942191 0.946617 0.013739 0.136951 0.414871 0.563689 0.638377 0.677519 0.698862 0.710791 0.717551 0.721408
897.738693 0.030312 0.218406 0.578346 0.761276 0.850572 0.896555 0.921321 0.935035 0.942748 0.947120 0.013292 0.139495 0.416477 0.563943 0.637767 0.676412 0.697471 0.709236 0.715901 0.719703
900.502513 0.030157 0.222586 0.582087 0.763707 0.852137 0.897625 0.922111 0.935666 0.943287 0.947607 0.012837 0.141994 0.418023 0.564147 0.637119 0.675275 0.696054 0.707660 0.714231 0.717979
903.266332 0.029996 0.226730 0.585773 0.766091 0.853669 0.898669 0.922880 0.936278 0.943810 0.948078 0.012378 0.144442 0.419496 0.564285 0.636414 0.674088 0.694592 0.706040 0.712520 0.716215
906.030151 0.029821 0.230834 0.589402 0.768429 0.855166 0.899687 0.923628 0.936873 0.944317 0.948535 0.011919 0.146853 0.420931 0.564401 0.635702 0.672902 0.693138 0.704431 0.710822 0.714465
908.793970 0.029625 0.234904 0.592979 0.770723 0.856631 0.900681 0.924357 0.937451 0.944809 0.948977 0.011462 0.149222 0.422312 0.564474 0.634957 0.671693 0.691664 0.702805 0.709108 0.712700
911.557789 0.029398 0.238940 0.596506 0.772977 0.858066 0.901651 0.925066 0.938013 0.945286 0.949406 0.011011 0.151546 0.423628 0.564487 0.634162 0.670438 0.690149 0.701141 0.707358 0.710900
914.321608 0.029134 0.242942 0.599980 0.775188 0.859469 0.902598 0.925757 0.938559 0.945749 0.949822 0.010576 0.153832 0.424902 0.564472 0.633352 0.669179 0.688634 0.699479 0.705612 0.709105
917.085427 0.028824 0.246914 0.603409 0.777361 0.860845 0.903524 0.926431 0.939090 0.946199 0.950225 0.010160 0.156071 0.426102 0.564387 0.632479 0.667860 0.687063 0.697764 0.703813 0.707258
919.849246 0.028467 0.250852 0.606789 0.779494 0.862191 0.904428 0.927087 0.939607 0.946636 0.950617 0.009772 0.158280 0.427277 0.564294 0.631612 0.666556 0.685512 0.696071 0.702039 0.705437
922.613065 0.028063 0.254764 0.610125 0.781592 0.863512 0.905313 0.927728 0.940110 0.947061 0.950997 0.009414 0.160437 0.428366 0.564114 0.630663 0.665174 0.683886 0.694306 0.700193 0.703544
925.376884 0.027618 0.258647 0.613417 0.783654 0.864806 0.906178 0.928354 0.940600 0.947475 0.951367 0.009090 0.162561 0.429416 0.563908 0.629699 0.663784 0.682256 0.692539 0.698348 0.701653
928.140704 0.027143 0.262501 0.616665 0.785681 0.866075 0.907024 0.928964 0.941079 0.947878 0.951726 0.008802 0.164652 0.430430 0.563678 0.628722 0.662389 0.680625 0.690774 0.696505 0.699765
930.904523 0.026647 0.266331 0.619874 0.787675 0.867321 0.907853 0.929561 0.941545 0.948270 0.952076 0.008543 0.166705 0.431388 0.563399 0.627704 0.660958 0.678962 0.688978 0.694633 0.697849
933.668342 0.026145 0.270138 0.623044 0.789638 0.868544 0.908665 0.930145 0.942000 0.948653 0.952417 0.008309 0.168713 0.432279 0.563055 0.626627 0.659473 0.677248 0.687133 0.692712 0.695885
936.432161 0.025649 0.273920 0.626173 0.791568 0.869743 0.909459 0.930715 0.942444 0.949025 0.952749 0.008097 0.170697 0.433146 0.562703 0.625554 0.657999 0.675548 0.685305 0.690811 0.693941
939.195980 0.025169 0.277679 0.629263 0.793468 0.870920 0.910238 0.931272 0.942877 0.949388 0.953071 0.007899 0.172641 0.433955 0.562298 0.624436 0.656485 0.673811 0.683442 0.688875 0.691963
941.959799 0.024710 0.281419 0.632319 0.795338 0.872076 0.911000 0.931817 0.943300 0.949741 0.953385 0.007710 0.174542 0.434696 0.561827 0.623256 0.654913 0.672020 0.681526 0.686887 0.689934
944.723618 0.024277 0.285136 0.635337 0.797179 0.873211 0.911747 0.932349 0.943712 0.950085 0.953691 0.007525 0.176420 0.435416 0.561348 0.622080 0.653352 0.670243 0.679626 0.684917 0.687923
947.487437 0.023870 0.288834 0.638321 0.798992 0.874326 0.912479 0.932870 0.944114 0.950420 0.953988 0.007341 0.178261 0.436081 0.560820 0.620861 0.651751 0.668429 0.677691 0.682913 0.685879
950.251256 0.023494 0.292511 0.641268 0.800777 0.875421 0.913196 0.933378 0.944506 0.950747 0.954277 0.007158 0.180066 0.436695 0.560248 0.619606 0.650121 0.666589 0.675732 0.680885 0.683811
953.015075 0.023146 0.296169 0.644181 0.802534 0.876496 0.913899 0.933876 0.944890 0.951066 0.954559 0.006973 0.181843 0.437275 0.559652 0.618337 0.648481 0.664742 0.673768 0.678853 0.681741
955.778894 0.022824 0.299810 0.647063 0.804266 0.877554 0.914588 0.934364 0.945265 0.951377 0.954834 0.006785 0.183580 0.437795 0.559000 0.617016 0.646793 0.662850 0.671760 0.676779 0.679628
958.542714 0.022526 0.303436 0.649914 0.805974 0.878594 0.915266 0.934842 0.945632 0.951681 0.955102 0.006594 0.185284 0.438267 0.558305 0.615659 0.645074 0.660930 0.669725 0.674679 0.677490
961.306533 0.022251 0.307044 0.652733 0.807657 0.879617 0.915931 0.935311 0.945991 0.951979 0.955365 0.006401 0.186966 0.438714 0.557597 0.614298 0.643357 0.659013 0.667696 0.672586 0.675360
964.070352 0.021998 0.310638 0.655523 0.809317 0.880624 0.916584 0.935770 0.946343 0.952270 0.955622 0.006206 0.188611 0.439106 0.556840 0.612894 0.641600 0.657061 0.665632 0.670459 0.673197
966.834171 0.021764 0.314219 0.658286 0.810955 0.881615 0.917226 0.936222 0.946688 0.952555 0.955873 0.006010 0.190226 0.439456 0.556046 0.611459 0.639816 0.655083 0.663545 0.668309 0.671010
969.597990 0.021549 0.317789 0.661021 0.812572 0.882592 0.917858 0.936665 0.947026 0.952834 0.956119 0.005812 0.191804 0.439751 0.555201 0.609979 0.637991 0.653066 0.661420 0.666122 0.668788
972.361809 0.021353 0.321346 0.663728 0.814166 0.883553 0.918478 0.937099 0.947357 0.953108 0.956359 0.005615 0.193352 0.440002 0.554318 0.608467 0.636138 0.651025 0.659272 0.663913 0.666544
975.125628 0.021172 0.324893 0.666410 0.815740 0.884499 0.919088 0.937526 0.947682 0.953375 0.956594 0.005418 0.194867 0.440205 0.553392 0.606918 0.634252 0.648952 0.657093 0.661674 0.664270
977.889447 0.021006 0.328428 0.669065 0.817293 0.885431 0.919688 0.937944 0.948000 0.953637 0.956824 0.005223 0.196360 0.440379 0.552447 0.605357 0.632358 0.646874 0.654911 0.659432 0.661994
980.653266 0.020856 0.331953 0.671694 0.818826 0.886349 0.920277 0.938354 0.948311 0.953892 0.957048 0.005029 0.197816 0.440498 0.551449 0.603748 0.630419 0.644752 0.652687 0.657150 0.659678
983.417085 0.020720 0.335467 0.674297 0.820338 0.887253 0.920856 0.938757 0.948616 0.954142 0.957267 0.004838 0.199251 0.440590 0.550435 0.602130 0.628476 0.642630 0.650464 0.654868 0.657363
986.180905 0.020599 0.338972 0.676875 0.821831 0.888142 0.921425 0.939152 0.948915 0.954387 0.957481 0.004650 0.200650 0.440631 0.549373 0.600469 0.626493 0.640470 0.648203 0.652551 0.655013
988.944724 0.020492 0.342468 0.679429 0.823305 0.889019 0.921984 0.939539 0.949207 0.954626 0.957690 0.004465 0.202015 0.440619 0.548262 0.598764 0.624470 0.638271 0.645905 0.650196 0.652626
991.708543 0.020398 0.345957 0.681961 0.824762 0.889884 0.922535 0.939920 0.949494 0.954861 0.957895 0.004284 0.203350 0.440564 0.547114 0.597027 0.622418 0.636045 0.643581 0.647816 0.650214
994.472362 0.020319 0.349438 0.684469 0.826200 0.890736 0.923077 0.940295 0.949776 0.955091 0.958096 0.004107 0.204656 0.440468 0.545930 0.595261 0.620340 0.633795 0.641235 0.645414 0.647781
997.236181 0.020254 0.352914 0.686957 0.827622 0.891577 0.923611 0.940663 0.950053 0.955316 0.958293 0.003935 0.205926 0.440318 0.544695 0.593447 0.618217 0.631502 0.638846 0.642971 0.645306
1000.000000 0.020203 0.356381 0.689422 0.829026 0.892406 0.924137 0.941025 0.950325 0.955538 0.958486 0.003770 0.207177 0.440147 0.543450 0.591630 0.616095 0.629213 0.636463 0.640534 0.642838
